Div,Date,Time,HomeTeam,AwayTeam,FTHG,FTAG,FTR,HTHG,HTAG,HTR,HS,AS,HST,AST,HF,AF,HC,AC,HY,AY,HR,AR,B365H,B365D,B365A,BWH,BWD,BWA,BFH,BFD,BFA,PSH,PSD,PSA,WHH,WHD,WHA,1XBH,1XBD,1XBA,MaxH,MaxD,MaxA,AvgH,AvgD,AvgA,BFEH,BFED,BFEA,B365>2.5,B365<2.5,P>2.5,P<2.5,Max>2.5,Max<2.5,Avg>2.5,Avg<2.5,BFE>2.5,BFE<2.5,AHh,B365AHH,B365AHA,PAHH,PAHA,MaxAHH,MaxAHA,AvgAHH,AvgAHA,BFEAHH,BFEAHA
IL1,16/08/2025,19:00,Maccabi Tel Aviv,Hapoel Beer Sheva,2,1,H,1,0,H,14,11,6,4,10,12,6,5,2,2,0,0,1.75,3.50,4.50,1.78,3.45,4.45,1.73,3.55,4.55,1.76,3.48,4.48,1.77,3.52,4.52,1.80,3.43,4.43,1.82,3.58,4.58,1.77,3.51,4.51,1.74,3.54,4.54,1.80,2.00,1.78,2.03,1.82,1.97,1.80,2.01,1.81,1.99,-0.5,1.90,1.90,1.88,1.92,1.92,1.88,1.90,1.91,1.89,1.91
IL1,16/08/2025,21:30,Maccabi Haifa,Hapoel Haifa,3,0,H,2,0,H,15,8,7,2,9,13,7,3,1,3,0,0,1.60,3.80,5.20,1.63,3.75,5.15,1.58,3.85,5.25,1.61,3.78,5.18,1.62,3.82,5.22,1.65,3.73,5.13,1.67,3.88,5.28,1.62,3.81,5.21,1.59,3.84,5.24,1.70,2.20,1.68,2.23,1.72,2.17,1.70,2.21,1.71,2.19,-0.5,1.88,1.92,1.86,1.94,1.90,1.90,1.88,1.93,1.89,1.91
IL1,17/08/2025,17:00,Beitar Jerusalem,Maccabi Netanya,1,1,D,0,1,A,10,11,4,4,12,12,4,5,2,2,0,0,2.20,3.20,3.20,2.23,3.15,3.15,2.18,3.25,3.25,2.21,3.18,3.18,2.22,3.22,3.22,2.25,3.13,3.13,2.27,3.28,3.28,2.22,3.21,3.21,2.19,3.24,3.24,1.90,1.90,1.88,1.93,1.92,1.87,1.90,1.91,1.91,1.89,0.0,1.90,1.90,1.88,1.92,1.92,1.88,1.90,1.91,1.89,1.91
IL1,17/08/2025,19:30,Hapoel Jerusalem,Bnei Sakhnin,2,0,H,1,0,H,12,9,5,3,11,13,5,4,2,3,0,0,1.95,3.30,3.80,1.98,3.25,3.75,1.93,3.35,3.85,1.96,3.28,3.78,1.97,3.32,3.82,2.00,3.23,3.73,2.02,3.38,3.88,1.97,3.31,3.81,1.94,3.34,3.84,1.85,1.95,1.83,1.98,1.87,1.92,1.85,1.96,1.86,1.94,0.0,1.90,1.90,1.88,1.92,1.92,1.88,1.90,1.91,1.89,1.91
IL1,18/08/2025,18:00,Hapoel Tel Aviv,Ashdod,1,2,A,0,1,A,9,13,3,6,13,10,4,6,3,1,0,0,2.40,3.10,2.90,2.43,3.05,2.85,2.38,3.15,2.95,2.41,3.08,2.88,2.42,3.12,2.92,2.45,3.03,2.83,2.47,3.18,2.98,2.42,3.11,2.91,2.39,3.14,2.94,1.95,1.85,1.93,1.88,1.97,1.82,1.95,1.86,1.96,1.84,0.0,1.90,1.90,1.88,1.92,1.92,1.88,1.90,1.91,1.89,1.91
IL1,18/08/2025,20:30,Maccabi Bnei Raina,Ironi Kiryat Shmona,0,1,A,0,0,D,8,10,2,4,14,12,3,4,3,2,0,0,2.60,3.00,2.70,2.63,2.95,2.65,2.58,3.05,2.75,2.61,2.98,2.68,2.62,3.02,2.72,2.65,2.93,2.63,2.67,3.08,2.78,2.62,3.01,2.71,2.59,3.04,2.74,2.10,1.70,2.08,1.73,2.12,1.67,2.10,1.71,2.11,1.69,0.0,1.90,1.90,1.88,1.92,1.92,1.88,1.90,1.91,1.89,1.91
IL1,19/08/2025,17:00,Hapoel Katamon,Hapoel Petah Tikva,2,1,H,1,0,H,11,10,5,4,12,11,5,4,2,2,0,0,2.00,3.30,3.60,2.03,3.25,3.55,1.98,3.35,3.65,2.01,3.28,3.58,2.02,3.32,3.62,2.05,3.23,3.53,2.07,3.38,3.68,2.02,3.31,3.61,1.99,3.34,3.64,1.85,1.95,1.83,1.98,1.87,1.92,1.85,1.96,1.86,1.94,0.0,1.90,1.90,1.88,1.92,1.92,1.88,1.90,1.91,1.89,1.91
IL1,19/08/2025,19:30,Hapoel Hadera,Maccabi Petah Tikva,1,0,H,0,0,D,9,8,3,2,13,14,4,3,3,3,0,0,2.30,3.10,3.00,2.33,3.05,2.95,2.28,3.15,3.05,2.31,3.08,2.98,2.32,3.12,3.02,2.35,3.03,2.93,2.37,3.18,3.08,2.32,3.11,3.01,2.29,3.14,3.04,1.95,1.85,1.93,1.88,1.97,1.82,1.95,1.86,1.96,1.84,0.0,1.90,1.90,1.88,1.92,1.92,1.88,1.90,1.91,1.89,1.91
IL1,23/08/2025,17:00,Hapoel Beer Sheva,Maccabi Haifa,1,2,A,0,1,A,10,14,4,6,12,10,4,6,2,1,0,0,2.80,3.20,2.50,2.83,3.15,2.45,2.78,3.25,2.55,2.81,3.18,2.48,2.82,3.22,2.52,2.85,3.13,2.43,2.87,3.28,2.58,2.82,3.21,2.51,2.79,3.24,2.54,1.90,1.90,1.88,1.93,1.92,1.87,1.90,1.91,1.91,1.89,0.5,1.95,1.85,1.93,1.87,1.97,1.83,1.95,1.86,1.94,1.86
IL1,23/08/2025,19:30,Hapoel Haifa,Beitar Jerusalem,0,1,A,0,0,D,8,11,2,4,14,12,3,5,3,2,0,0,3.00,3.10,2.40,3.03,3.05,2.35,2.98,3.15,2.45,3.01,3.08,2.38,3.02,3.12,2.42,3.05,3.03,2.33,3.07,3.18,2.48,3.02,3.11,2.41,2.99,3.14,2.44,2.00,1.80,1.98,1.83,2.02,1.77,2.00,1.81,2.01,1.79,0.5,1.95,1.85,1.93,1.87,1.97,1.83,1.95,1.86,1.94,1.86
IL1,24/08/2025,18:00,Maccabi Netanya,Hapoel Jerusalem,1,1,D,1,0,H,10,11,4,4,11,12,4,5,2,2,0,0,2.50,3.00,2.80,2.53,2.95,2.75,2.48,3.05,2.85,2.51,2.98,2.78,2.52,3.02,2.82,2.55,2.93,2.73,2.57,3.08,2.88,2.52,3.01,2.81,2.49,3.04,2.84,1.90,1.90,1.88,1.93,1.92,1.87,1.90,1.91,1.91,1.89,0.0,1.90,1.90,1.88,1.92,1.92,1.88,1.90,1.91,1.89,1.91
IL1,24/08/2025,20:30,Bnei Sakhnin,Hapoel Tel Aviv,2,0,H,1,0,H,11,9,5,3,12,13,5,4,2,3,0,0,2.10,3.20,3.40,2.13,3.15,3.35,2.08,3.25,3.45,2.11,3.18,3.38,2.12,3.22,3.42,2.15,3.13,3.33,2.17,3.28,3.48,2.12,3.21,3.41,2.09,3.24,3.44,1.85,1.95,1.83,1.98,1.87,1.92,1.85,1.96,1.86,1.94,0.0,1.90,1.90,1.88,1.92,1.92,1.88,1.90,1.91,1.89,1.91
IL1,25/08/2025,17:00,Ashdod,Maccabi Bnei Raina,3,1,H,1,0,H,13,10,6,4,10,12,6,4,1,2,0,0,1.85,3.40,4.20,1.88,3.35,4.15,1.83,3.45,4.25,1.86,3.38,4.18,1.87,3.42,4.22,1.90,3.33,4.13,1.92,3.48,4.28,1.87,3.41,4.21,1.84,3.44,4.24,1.80,2.00,1.78,2.03,1.82,1.97,1.80,2.01,1.81,1.99,-0.5,1.92,1.88,1.90,1.90,1.94,1.86,1.92,1.89,1.91,1.89
IL1,25/08/2025,19:30,Ironi Kiryat Shmona,Hapoel Katamon,1,2,A,0,1,A,9,12,3,5,13,11,4,6,2,2,0,0,2.70,3.00,2.60,2.73,2.95,2.55,2.68,3.05,2.65,2.71,2.98,2.58,2.72,3.02,2.62,2.75,2.93,2.53,2.77,3.08,2.68,2.72,3.01,2.61,2.69,3.04,2.64,1.95,1.85,1.93,1.88,1.97,1.82,1.95,1.86,1.96,1.84,0.0,1.90,1.90,1.88,1.92,1.92,1.88,1.90,1.91,1.89,1.91
IL1,26/08/2025,18:00,Hapoel Petah Tikva,Hapoel Hadera,0,0,D,0,0,D,8,9,2,3,14,13,3,4,3,3,0,0,2.40,3.00,2.90,2.43,2.95,2.85,2.38,3.05,2.95,2.41,2.98,2.88,2.42,3.02,2.92,2.45,2.93,2.83,2.47,3.08,2.98,2.42,3.01,2.91,2.39,3.04,2.94,2.20,1.60,2.18,1.63,2.22,1.57,2.20,1.61,2.21,1.59,0.0,1.90,1.90,1.88,1.92,1.92,1.88,1.90,1.91,1.89,1.91
IL1,26/08/2025,20:30,Maccabi Petah Tikva,Maccabi Tel Aviv,0,3,A,0,2,A,7,16,2,8,15,9,3,8,3,1,0,0,4.50,3.60,1.70,4.45,3.55,1.72,4.55,3.65,1.68,4.48,3.58,1.71,4.52,3.62,1.69,4.43,3.53,1.73,4.58,3.68,1.75,4.51,3.61,1.71,4.54,3.64,1.67,1.60,2.40,1.58,2.43,1.62,2.37,1.60,2.41,1.61,2.39,1.5,1.85,1.95,1.83,1.97,1.87,1.93,1.85,1.96,1.86,1.94
IL1,30/08/2025,17:00,Maccabi Tel Aviv,Hapoel Haifa,2,0,H,1,0,H,14,8,6,2,9,14,6,3,1,3,0,0,1.45,4.20,6.50,1.48,4.15,6.45,1.43,4.25,6.55,1.46,4.18,6.48,1.47,4.22,6.52,1.50,4.13,6.43,1.52,4.28,6.58,1.47,4.21,6.51,1.44,4.24,6.54,1.65,2.25,1.63,2.28,1.67,2.22,1.65,2.26,1.66,2.24,-1.0,1.90,1.90,1.88,1.92,1.92,1.88,1.90,1.91,1.89,1.91
IL1,30/08/2025,19:30,Maccabi Haifa,Maccabi Netanya,3,1,H,2,0,H,15,10,7,4,8,12,7,4,1,2,0,0,1.55,3.90,5.50,1.58,3.85,5.45,1.53,3.95,5.55,1.56,3.88,5.48,1.57,3.92,5.52,1.60,3.83,5.43,1.62,3.98,5.58,1.57,3.91,5.51,1.54,3.94,5.54,1.70,2.20,1.68,2.23,1.72,2.17,1.70,2.21,1.71,2.19,-0.5,1.88,1.92,1.86,1.94,1.90,1.90,1.88,1.93,1.89,1.91