Div,Date,Time,HomeTeam,AwayTeam,FTHG,FTAG,FTR,HTHG,HTAG,HTR,HS,AS,HST,AST,HF,AF,HC,AC,HY,AY,HR,AR,B365H,B365D,B365A,BWH,BWD,BWA,BFH,BFD,BFA,PSH,PSD,PSA,WHH,WHD,WHA,1XBH,1XBD,1XBA,MaxH,MaxD,MaxA,AvgH,AvgD,AvgA,BFEH,BFED,BFEA,B365>2.5,B365<2.5,P>2.5,P<2.5,Max>2.5,Max<2.5,Avg>2.5,Avg<2.5,BFE>2.5,BFE<2.5,AHh,B365AHH,B365AHA,PAHH,PAHA,MaxAHH,MaxAHA,AvgAHH,AvgAHA,BFEAHH,BFEAHA
I1,17/08/2025,18:30,Inter,Genoa,3,0,H,2,0,H,16,8,8,2,9,13,8,3,1,2,0,0,1.35,4.50,8.00,1.38,4.45,7.95,1.33,4.55,8.05,1.36,4.48,7.98,1.37,4.52,8.02,1.40,4.43,7.93,1.42,4.58,8.08,1.37,4.51,8.01,1.34,4.54,8.04,1.50,2.50,1.48,2.53,1.52,2.47,1.50,2.51,1.51,2.49,-1.5,1.85,1.95,1.83,1.97,1.87,1.93,1.85,1.96,1.86,1.94
I1,17/08/2025,20:45,Milan,Torino,2,1,H,1,0,H,14,10,6,4,10,12,6,4,2,2,0,0,1.60,3.80,5.20,1.63,3.75,5.15,1.58,3.85,5.25,1.61,3.78,5.18,1.62,3.82,5.22,1.65,3.73,5.13,1.67,3.88,5.28,1.62,3.81,5.21,1.59,3.84,5.24,1.70,2.20,1.68,2.23,1.72,2.17,1.70,2.21,1.71,2.19,-0.5,1.88,1.92,1.86,1.94,1.90,1.90,1.88,1.93,1.89,1.91
I1,18/08/2025,15:00,Juventus,Como,4,0,H,2,0,H,17,7,9,2,8,14,9,3,1,3,0,0,1.25,5.50,10.00,1.28,5.45,9.95,1.23,5.55,10.05,1.26,5.48,9.98,1.27,5.52,10.02,1.30,5.43,9.93,1.32,5.58,10.08,1.27,5.51,10.01,1.24,5.54,10.04,1.55,2.45,1.53,2.48,1.57,2.42,1.55,2.46,1.56,2.44,-2.0,1.85,1.95,1.83,1.97,1.87,1.93,1.85,1.96,1.86,1.94
I1,18/08/2025,18:00,Napoli,Parma,3,1,H,1,0,H,15,9,7,3,9,13,7,4,2,2,0,0,1.45,4.20,6.50,1.48,4.15,6.45,1.43,4.25,6.55,1.46,4.18,6.48,1.47,4.22,6.52,1.50,4.13,6.43,1.52,4.28,6.58,1.47,4.21,6.51,1.44,4.24,6.54,1.65,2.25,1.63,2.28,1.67,2.22,1.65,2.26,1.66,2.24,-1.0,1.90,1.90,1.88,1.92,1.92,1.88,1.90,1.91,1.89,1.91
I1,18/08/2025,20:45,Atalanta,Lecce,2,0,H,1,0,H,13,8,6,2,10,14,6,3,1,3,0,0,1.50,4.00,6.00,1.53,3.95,5.95,1.48,4.05,6.05,1.51,3.98,5.98,1.52,4.02,6.02,1.55,3.93,5.93,1.57,4.08,6.08,1.52,4.01,6.01,1.49,4.04,6.04,1.70,2.20,1.68,2.23,1.72,2.17,1.70,2.21,1.71,2.19,-1.0,1.90,1.90,1.88,1.92,1.92,1.88,1.90,1.91,1.89,1.91
I1,19/08/2025,18:30,Roma,Empoli,2,1,H,1,1,D,12,10,5,4,11,12,5,4,2,2,0,0,1.75,3.50,4.50,1.78,3.45,4.45,1.73,3.55,4.55,1.76,3.48,4.48,1.77,3.52,4.52,1.80,3.43,4.43,1.82,3.58,4.58,1.77,3.51,4.51,1.74,3.54,4.54,1.80,2.00,1.78,2.03,1.82,1.97,1.80,2.01,1.81,1.99,-0.5,1.90,1.90,1.88,1.92,1.92,1.88,1.90,1.91,1.89,1.91
I1,19/08/2025,20:45,Lazio,Venezia,3,0,H,1,0,H,14,7,7,2,9,14,7,3,1,3,0,0,1.40,4.30,7.00,1.43,4.25,6.95,1.38,4.35,7.05,1.41,4.28,6.98,1.42,4.32,7.02,1.45,4.23,6.93,1.47,4.38,7.08,1.42,4.31,7.01,1.39,4.34,7.04,1.60,2.40,1.58,2.43,1.62,2.37,1.60,2.41,1.61,2.39,-1.0,1.85,1.95,1.83,1.97,1.87,1.93,1.85,1.96,1.86,1.94
I1,20/08/2025,15:00,Fiorentina,Monza,1,1,D,0,1,A,11,11,4,4,12,12,5,5,2,2,0,0,1.90,3.30,4.00,1.93,3.25,3.95,1.88,3.35,4.05,1.91,3.28,3.98,1.92,3.32,4.02,1.95,3.23,3.93,1.97,3.38,4.08,1.92,3.31,4.01,1.89,3.34,4.04,1.85,1.95,1.83,1.98,1.87,1.92,1.85,1.96,1.86,1.94,0.0,1.90,1.90,1.88,1.92,1.92,1.88,1.90,1.91,1.89,1.91
I1,20/08/2025,18:00,Bologna,Udinese,2,0,H,1,0,H,12,9,5,3,11,13,5,4,2,3,0,0,1.85,3.40,4.20,1.88,3.35,4.15,1.83,3.45,4.25,1.86,3.38,4.18,1.87,3.42,4.22,1.90,3.33,4.13,1.92,3.48,4.28,1.87,3.41,4.21,1.84,3.44,4.24,1.80,2.00,1.78,2.03,1.82,1.97,1.80,2.01,1.81,1.99,-0.5,1.92,1.88,1.90,1.90,1.94,1.86,1.92,1.89,1.91,1.89
I1,20/08/2025,20:45,Cagliari,Verona,1,0,H,0,0,D,10,9,4,3,13,12,4,4,3,2,0,0,2.30,3.10,3.00,2.33,3.05,2.95,2.28,3.15,3.05,2.31,3.08,2.98,2.32,3.12,3.02,2.35,3.03,2.93,2.37,3.18,3.08,2.32,3.11,3.01,2.29,3.14,3.04,1.95,1.85,1.93,1.88,1.97,1.82,1.95,1.86,1.96,1.84,0.0,1.90,1.90,1.88,1.92,1.92,1.88,1.90,1.91,1.89,1.91
I1,24/08/2025,18:30,Genoa,Milan,0,2,A,0,1,A,8,14,2,6,14,10,3,6,3,1,0,0,3.80,3.40,1.95,3.75,3.35,1.97,3.85,3.45,1.93,3.78,3.38,1.96,3.82,3.42,1.94,3.73,3.33,1.98,3.88,3.48,2.00,3.81,3.41,1.96,3.84,3.44,1.92,1.75,2.15,1.73,2.18,1.77,2.12,1.75,2.16,1.76,2.14,0.5,1.95,1.85,1.93,1.87,1.97,1.83,1.95,1.86,1.94,1.86
I1,24/08/2025,20:45,Torino,Inter,1,3,A,0,2,A,9,16,3,8,15,9,4,8,2,1,0,0,4.50,3.60,1.70,4.45,3.55,1.72,4.55,3.65,1.68,4.48,3.58,1.71,4.52,3.62,1.69,4.43,3.53,1.73,4.58,3.68,1.75,4.51,3.61,1.71,4.54,3.64,1.67,1.65,2.25,1.63,2.28,1.67,2.22,1.65,2.26,1.66,2.24,1.0,1.85,1.95,1.83,1.97,1.87,1.93,1.85,1.96,1.86,1.94
I1,25/08/2025,15:00,Como,Napoli,0,4,A,0,2,A,6,18,1,9,16,8,2,9,3,1,0,0,6.50,4.20,1.45,6.45,4.15,1.47,6.55,4.25,1.43,6.48,4.18,1.46,6.52,4.22,1.44,6.43,4.13,1.48,6.58,4.28,1.50,6.51,4.21,1.46,6.54,4.24,1.42,1.55,2.45,1.53,2.48,1.57,2.42,1.55,2.46,1.56,2.44,2.0,1.80,2.00,1.78,2.03,1.82,1.97,1.80,2.01,1.81,1.99
I1,25/08/2025,18:00,Parma,Juventus,1,2,A,1,1,D,10,15,4,7,13,10,4,7,2,2,0,0,5.00,3.70,1.65,4.95,3.65,1.67,5.05,3.75,1.63,4.98,3.68,1.66,5.02,3.72,1.64,4.93,3.63,1.68,5.08,3.78,1.70,5.01,3.71,1.66,5.04,3.74,1.62,1.70,2.20,1.68,2.23,1.72,2.17,1.70,2.21,1.71,2.19,1.5,1.85,1.95,1.83,1.97,1.87,1.93,1.85,1.96,1.86,1.94
I1,25/08/2025,20:45,Lecce,Atalanta,0,1,A,0,0,D,7,13,2,6,15,11,3,6,3,2,0,0,4.00,3.50,1.85,3.95,3.45,1.87,4.05,3.55,1.83,3.98,3.48,1.86,4.02,3.52,1.84,3.93,3.43,1.88,4.08,3.58,1.90,4.01,3.51,1.86,4.04,3.54,1.82,1.75,2.15,1.73,2.18,1.77,2.12,1.75,2.16,1.76,2.14,1.0,1.85,1.95,1.83,1.97,1.87,1.93,1.85,1.96,1.86,1.94
I1,26/08/2025,18:30,Empoli,Roma,1,2,A,0,1,A,9,13,3,6,14,11,4,6,2,2,0,0,3.20,3.20,2.20,3.23,3.15,2.17,3.18,3.25,2.23,3.21,3.18,2.20,3.22,3.22,2.22,3.25,3.13,2.15,3.27,3.28,2.25,3.22,3.21,2.21,3.19,3.24,2.24,1.85,1.95,1.83,1.98,1.87,1.92,1.85,1.96,1.86,1.94,0.5,1.95,1.85,1.93,1.87,1.97,1.83,1.95,1.86,1.94,1.86
I1,26/08/2025,20:45,Venezia,Lazio,0,2,A,0,1,A,8,14,2,7,15,10,3,7,3,1,0,0,4.50,3.60,1.70,4.45,3.55,1.72,4.55,3.65,1.68,4.48,3.58,1.71,4.52,3.62,1.69,4.43,3.53,1.73,4.58,3.68,1.75,4.51,3.61,1.71,4.54,3.64,1.67,1.65,2.25,1.63,2.28,1.67,2.22,1.65,2.26,1.66,2.24,1.0,1.85,1.95,1.83,1.97,1.87,1.93,1.85,1.96,1.86,1.94
I1,27/08/2025,15:00,Monza,Fiorentina,1,1,D,1,0,H,10,11,4,4,12,12,4,5,2,2,0,0,2.60,3.00,2.70,2.63,2.95,2.65,2.58,3.05,2.75,2.61,2.98,2.68,2.62,3.02,2.72,2.65,2.93,2.63,2.67,3.08,2.78,2.62,3.01,2.71,2.59,3.04,2.74,1.90,1.90,1.88,1.93,1.92,1.87,1.90,1.91,1.91,1.89,0.0,1.90,1.90,1.88,1.92,1.92,1.88,1.90,1.91,1.89,1.91
# עונת 2023/24 (8W 15D 15L, 44-62 שערים)
IT1,20/08/2023,17:00,Frosinone,Inter,1,2,A,0,1,A,9,16,3,8,14,9,3,8,2,1,0,0,5.50,3.80,1.60,5.45,3.75,1.62,5.55,3.85,1.58,5.48,3.78,1.61,5.52,3.82,1.59,5.43,3.73,1.63,5.58,3.88,1.65,5.51,3.81,1.61,5.54,3.84,1.57,1.60,2.40,1.58,2.43,1.62,2.37,1.60,2.41,1.61,2.39,1.5,1.85,1.95,1.83,1.97,1.87,1.93,1.85,1.96,1.86,1.94
IT1,27/08/2023,19:30,Milan,Frosinone,3,1,H,1,0,H,15,10,8,4,10,13,7,4,1,2,0,0,1.45,4.20,6.50,1.48,4.15,6.45,1.43,4.25,6.55,1.46,4.18,6.48,1.47,4.22,6.52,1.50,4.13,6.43,1.52,4.28,6.58,1.47,4.21,6.51,1.44,4.24,6.54,1.70,2.20,1.68,2.23,1.72,2.17,1.70,2.21,1.71,2.19,-1.0,1.88,1.92,1.86,1.94,1.90,1.90,1.88,1.93,1.89,1.91
IT1,03/09/2023,16:00,Frosinone,Juventus,1,1,D,0,0,D,10,13,4,6,13,10,4,6,2,2,0,0,3.80,3.20,1.95,3.85,3.15,1.93,3.78,3.25,1.97,3.82,3.18,1.94,3.83,3.22,1.96,3.87,3.13,1.92,3.90,3.28,1.99,3.84,3.21,1.95,3.79,3.24,1.98,1.70,2.20,1.68,2.23,1.72,2.17,1.70,2.21,1.71,2.19,1.0,1.85,1.95,1.83,1.97,1.87,1.93,1.85,1.96,1.86,1.94
IT1,10/09/2023,21:00,Napoli,Frosinone,2,1,H,1,0,H,14,10,7,4,9,12,7,4,1,2,0,0,1.70,3.60,4.80,1.73,3.55,4.75,1.68,3.65,4.85,1.71,3.58,4.78,1.72,3.62,4.82,1.75,3.53,4.73,1.77,3.68,4.88,1.72,3.61,4.81,1.69,3.64,4.84,1.75,2.15,1.73,2.18,1.77,2.12,1.75,2.16,1.76,2.14,-0.5,1.90,1.90,1.88,1.92,1.
IT1,17/09/2023,18:00,Frosinone,Atalanta,1,1,D,0,0,D,9,14,3,7,14,9,3,7,3,1,0,0,4.20,3.40,1.80,4.25,3.35,1.78,4.18,3.45,1.82,4.22,3.38,1.79,4.23,3.42,1.81,4.27,3.33,1.77,4.30,3.48,1.84,4.24,3.41,1.80,4.19,3.44,1.83,1.65,2.25,1.63,2.28,1.67,2.22,1.65,2.26,1.66,2.24,1.0,1.85,1.95,1.83,1.97,1.87,1.93,1.85,1.96,1.86,1.94
IT1,24/09/2023,17:00,Roma,Frosinone,2,0,H,1,0,H,13,9,7,3,9,13,7,3,1,2,0,0,1.80,3.40,4.20,1.83,3.35,4.15,1.78,3.45,4.25,1.81,3.38,4.18,1.82,3.42,4.22,1.85,3.33,4.13,1.87,3.48,4.28,1.82,3.41,4.21,1.79,3.44,4.24,1.80,2.00,1.78,2.03,1.82,1.97,1.80,2.01,1.81,1.99,-0.5,1.92,1.88,1.90,1.90,1.94,1.86,1.92,1.89,1.91,1.89
IT1,01/10/2023,19:30,Frosinone,Lazio,1,1,D,0,0,D,10,12,4,5,12,11,4,5,2,2,0,0,2.80,3.10,2.50,2.83,3.05,2.45,2.78,3.15,2.55,2.81,3.08,2.48,2.82,3.12,2.52,2.85,3.03,2.43,2.87,3.18,2.58,2.82,3.11,2.51,2.79,3.14,2.54,1.90,1.90,1.88,1.93,1.92,1.87,1.90,1.91,1.91,1.89,0.0,1.90,1.90,1.88,1.92,1.92,1.88,1.90,1.91,1.89,1.91
IT1,08/10/2023,16:00,Fiorentina,Frosinone,3,0,H,1,0,H,15,8,8,2,8,14,8,3,1,3,0,0,1.55,3.80,5.50,1.58,3.75,5.45,1.53,3.85,5.55,1.56,3.78,5.48,1.57,3.82,5.52,1.60,3.73,5.43,1.62,3.88,5.58,1.57,3.81,5.51,1.54,3.84,5.54,1.75,2.05,1.73,2.08,1.77,2.02,1.75,2.06,1.76,2.04,-1.0,1.88,1.92,1.86,1.94,1.90,1.90,1.88,1.93,1.89,1.91
IT1,15/10/2023,20:00,Frosinone,Bologna,1,1,D,0,0,D,10,11,4,4,12,11,4,5,2,2,0,0,2.50,3.00,2.80,2.53,2.95,2.75,2.48,3.05,2.85,2.51,2.98,2.78,2.52,3.02,2.82,2.55,2.93,2.73,2.57,3.08,2.88,2.52,3.01,2.81,2.49,3.04,2.84,1.95,1.85,1.93,1.88,1.97,1.82,1.95,1.86,1.96,1.84,0.0,1.90,1.90,1.88,1.92,1.92,1.88,1.90,1.91,1.89,1.91
IT1,22/10/2023,17:00,Torino,Frosinone,1,0,H,1,0,H,11,9,4,3,12,13,4,4,2,2,0,0,2.50,3.00,2.80,2.53,2.95,2.75,2.48,3.05,2.85,2.51,2.98,2.78,2.52,3.02,2.82,2.55,2.93,2.73,2.57,3.08,2.88,2.52,3.01,2.81,2.49,3.04,2.84,1.95,1.85,1.93,1.88,1.97,1.82,1.95,1.86,1.96,1.84,0.0,1.90,1.90,1.88,1.92,1.92,1.88,1.90,1.91,1.89,1.91
IT1,29/10/2023,19:30,Frosinone,Udinese,2,1,H,1,0,H,12,10,5,4,11,12,5,4,2,2,0,0,2.20,3.20,3.20,2.23,3.15,3.15,2.18,3.25,3.25,2.21,3.18,3.18,2.22,3.22,3.22,2.25,3.13,3.13,2.27,3.28,3.28,2.22,3.21,3.21,2.19,3.24,3.24,1.90,1.90,1.88,1.93,1.92,1.87,1.90,1.91,1.91,1.89,0.0,1.90,1.90,1.88,1.92,1.92,1.88,1.90,1.91,1.89,1.91
IT1,05/11/2023,16:00,Empoli,Frosinone,1,1,D,0,0,D,10,10,4,4,12,12,4,4,2,2,0,0,2.60,2.90,2.70,2.63,2.85,2.65,2.58,2.95,2.75,2.61,2.88,2.68,2.62,2.92,2.72,2.65,2.83,2.63,2.67,2.98,2.78,2.62,2.91,2.71,2.59,2.94,2.74,2.00,1.80,1.98,1.83,2.02,1.77,2.00,1.81,2.01,1.79,0.0,1.90,1.90,1.88,1.92,1.92,1.88,1.90,1.91,1.89,1.91
IT1,12/11/2023,20:00,Frosinone,Lecce,2,1,H,1,0,H,12,10,5,4,11,12,5,4,2,2,0,0,2.20,3.20,3.20,2.23,3.15,3.15,2.18,3.25,3.25,2.21,3.18,3.18,2.22,3.22,3.22,2.25,3.13,3.13,2.27,3.28,3.28,2.22,3.21,3.21,2.19,3.24,3.24,1.90,1.90,1.88,1.93,1.92,1.87,1.90,1.91,1.91,1.89,0.0,1.90,1.90,1.88,1.92,1.92,1.88,1.90,1.91,1.89,1.91
IT1,19/11/2023,17:00,Cagliari,Frosinone,1,1,D,0,0,D,10,10,4,4,12,12,4,4,2,2,0,0,2.60,2.90,2.70,2.63,2.85,2.65,2.58,2.95,2.75,2.61,2.88,2.68,2.62,2.92,2.72,2.65,2.83,2.63,2.67,2.98,2.78,2.62,2.91,2.71,2.59,2.94,2.74,2.00,1.80,1.98,1.83,2.02,1.77,2.00,1.81,2.01,1.79,0.0,1.90,1.90,1.88,1.92,1.92,1.88,1.90,1.91,1.89,1.91
IT1,26/11/2023,19:30,Frosinone,Verona,3,2,H,1,1,D,13,12,6,5,10,11,6,5,2,2,0,0,2.40,3.10,2.90,2.43,3.05,2.85,2.38,3.15,2.95,2.41,3.08,2.88,2.42,3.12,2.92,2.45,3.03,2.83,2.47,3.18,2.98,2.42,3.11,2.91,2.39,3.14,2.94,1.75,2.05,1.73,2.08,1.77,2.02,1.75,2.06,1.76,2.04,0.0,1.90,1.90,1.88,1.92,1.92,1.88,1.90,1.91,1.89,1.91
IT1,03/12/2023,16:00,Monza,Frosinone,0,0,D,0,0,D,8,9,2,3,14,13,3,4,3,3,0,0,2.60,2.90,2.70,2.63,2.85,2.65,2.58,2.95,2.75,2.61,2.88,2.68,2.62,2.92,2.72,2.65,2.83,2.63,2.67,2.98,2.78,2.62,2.91,2.71,2.59,2.94,2.74,2.20,1.60,2.18,1.63,2.22,1.57,2.20,1.61,2.21,1.59,0.0,1.90,1.90,1.88,1.92,1.92,1.88,1.90,1.91,1.89,1.91
IT1,10/12/2023,20:00,Frosinone,Sassuolo,1,1,D,0,0,D,10,10,4,4,12,12,4,4,2,2,0,0,2.60,2.90,2.70,2.63,2.85,2.65,2.58,2.95,2.75,2.61,2.88,2.68,2.62,2.92,2.72,2.65,2.83,2.63,2.67,2.98,2.78,2.62,2.91,2.71,2.59,2.94,2.74,2.00,1.80,1.98,1.83,2.02,1.77,2.00,1.81,2.01,1.79,0.0,1.90,1.90,1.88,1.92,1.92,1.88,1.90,1.91,1.89,1.91
IT1,17/12/2023,17:00,Genoa,Frosinone,2,1,H,1,0,H,12,10,5,4,11,12,5,4,2,2,0,0,2.20,3.20,3.20,2.23,3.15,3.15,2.18,3.25,3.25,2.21,3.18,3.18,2.22,3.22,3.22,2.25,3.13,3.13,2.27,3.28,3.28,2.22,3.21,3.21,2.19,3.24,3.24,1.90,1.90,1.88,1.93,1.92,1.87,1.90,1.91,1.91,1.89,0.0,1.90,1.90,1.88,1.92,1.92,1.88,1.90,1.91,1.89,1.91
IT1,24/12/2023,19:30,Frosinone,Venezia,2,1,H,1,0,H,12,10,5,4,11,12,5,4,2,2,0,0,2.20,3.20,3.20,2.23,3.15,3.15,2.18,3.25,3.25,2.21,3.18,3.18,2.22,3.22,3.22,2.25,3.13,3.13,2.27,3.28,3.28,2.22,3.21,3.21,2.19,3.24,3.24,1.90,1.90,1.88,1.93,1.92,1.87,1.90,1.91,1.91,1.89,0.0,1.90,1.90,1.88,1.92,1.92,1.88,1.90,1.91,1.89,1.91
# עונת 2024/25 (12W 11D 15L, 48-54 שערים)
IT1,18/08/2024,17:00,Como,Inter,1,2,A,0,1,A,10,16,4,8,12,9,4,8,2,1,0,0,4.80,3.60,1.70,4.75,3.55,1.72,4.85,3.65,1.68,4.78,3.58,1.71,4.82,3.62,1.69,4.73,3.53,1.73,4.88,3.68,1.75,4.81,3.61,1.71,4.84,3.64,1.67,1.65,2.25,1.63,2.28,1.67,2.22,1.65,2.26,1.66,2.24,1.0,1.85,1.95,1.83,1.97,1.87,1.93,1.85,1.96,1.86,1.94
IT1,25/08/2024,19:30,Milan,Como,2,1,H,1,0,H,14,11,7,4,10,12,6,5,1,2,0,0,1.75,3.50,4.50,1.78,3.45,4.45,1.73,3.55,4.55,1.76,3.48,4.48,1.77,3.52,4.52,1.80,3.43,4.43,1.82,3.58,4.58,1.77,3.51,4.51,1.74,3.54,4.54,1.80,2.00,1.78,2.03,1.82,1.97,1.80,2.01,1.81,1.99,-0.5,1.92,1.88,1.90,1.90,1.94,1.86,1.92,1.89,1.91,1.89
IT1,01/09/2024,16:00,Como,Juventus,1,1,D,0,0,D,10,13,4,6,13,10,4,6,2,2,0,0,3.80,3.20,1.95,3.85,3.15,1.93,3.78,3.25,1.97,3.82,3.18,1.94,3.83,3.22,1.96,3.87,3.13,1.92,3.90,3.28,1.99,3.84,3.21,1.95,3.79,3.24,1.98,1.70,2.20,1.68,2.23,1.72,2.17,1.70,2.21,1.71,2.19,1.0,1.85,1.95,1.83,1.97,1.87,1.93,1.85,1.96,1.86,1.94
IT1,08/09/2024,21:00,Napoli,Como,2,1,H,1,0,H,14,10,7,4,9,12,7,4,1,2,0,0,1.70,3.60,4.80,1.73,3.55,4.75,1.68,3.65,4.85,1.71,3.58,4.78,1.72,3.62,4.82,1.75,3.53,4.73,1.77,3.68,4.88,1.72,3.61,4.81,1.69,3.64,4.84,1.75,2.15,1.73,2.18,1.77,2.12,1.75,2.16,1.76,2.14,-0.5,1.90,1.90,1.88,1.92,1.92,1.88,1.90,1.91,1.89,1.91
IT1,15/09/2024,18:00,Como,Atalanta,2,2,D,1,1,D,11,14,5,7,11,10,5,7,2,2,0,0,3.60,3.20,2.00,3.65,3.15,1.98,3.58,3.25,2.02,3.62,3.18,1.99,3.63,3.22,2.01,3.67,3.13,1.97,3.70,3.28,2.04,3.64,3.21,2.00,3.59,3.24,2.03,1.75,2.05,1.73,2.08,1.77,2.02,1.75,2.06,1.76,2.04,0.5,1.92,1.88,1.90,1.90,1.94,1.86,1.92,1.89,1.91,1.89
IT1,22/09/2024,17:00,Roma,Como,1,0,H,1,0,H,11,9,4,3,12,13,4,4,2,2,0,0,2.50,3.00,2.80,2.53,2.95,2.75,2.48,3.05,2.85,2.51,2.98,2.78,2.52,3.02,2.82,2.55,2.93,2.73,2.57,3.08,2.88,2.52,3.01,2.81,2.49,3.04,2.84,1.95,1.85,1.93,1.88,1.97,1.82,1.95,1.86,1.96,1.84,0.0,1.90,1.90,1.88,1.92,1.92,1.88,1.90,1.91,1.89,1.91
IT1,29/09/2024,19:30,Como,Lazio,2,1,H,1,0,H,12,11,5,4,11,12,5,5,2,2,0,0,2.60,3.00,2.70,2.63,2.95,2.65,2.58,3.05,2.75,2.61,2.98,2.68,2.62,3.02,2.72,2.65,2.93,2.63,2.67,3.08,2.78,2.62,3.01,2.71,2.59,3.04,2.74,1.90,1.90,1.88,1.93,1.92,1.87,1.90,1.91,1.91,1.89,0.0,1.90,1.90,1.88,1.92,1.92,1.88,1.90,1.91,1.89,1.91
IT1,06/10/2024,16:00,Fiorentina,Como,1,1,D,0,0,D,10,11,4,4,12,11,4,5,2,2,0,0,2.50,3.00,2.80,2.53,2.95,2.75,2.48,3.05,2.85,2.51,2.98,2.78,2.52,3.02,2.82,2.55,2.93,2.73,2.57,3.08,2.88,2.52,3.01,2.81,2.49,3.04,2.84,1.95,1.85,1.93,1.88,1.97,1.82,1.95,1.86,1.96,1.84,0.0,1.90,1.90,1.88,1.92,1.92,1.88,1.90,1.91,1.89,1.91
IT1,13/10/2024,20:00,Como,Bologna,3,1,H,1,0,H,13,10,6,4,10,12,6,4,2,2,0,0,2.30,3.10,3.00,2.33,3.05,2.95,2.28,3.15,3.05,2.31,3.08,2.98,2.32,3.12,3.02,2.35,3.03,2.93,2.37,3.18,3.08,2.32,3.11,3.01,2.29,3.14,3.04,1.90,1.90,1.88,1.93,1.92,1.87,1.90,1.91,1.91,1.89,0.0,1.90,1.90,1.88,1.92,1.92,1.88,1.90,1.91,1.89,1.91
IT1,20/10/2024,17:00,Torino,Como,2,1,H,1,0,H,12,10,5,4,11,12,5,4,2,2,0,0,2.20,3.20,3.20,2.23,3.15,3.15,2.18,3.25,3.25,2.21,3.18,3.18,2.22,3.22,3.22,2.25,3.13,3.13,2.27,3.28,3.28,2.22,3.21,3.21,2.19,3.24,3.24,1.90,1.90,1.88,1.93,1.92,1.87,1.90,1.91,1.91,1.89,0.0,1.90,1.90,1.88,1.92,1.92,1.88,1.90,1.91,1.89,1.91
IT1,27/10/2024,19:30,Como,Udinese,1,1,D,0,0,D,10,10,4,4,12,12,4,4,2,2,0,0,2.60,2.90,2.70,2.63,2.85,2.65,2.58,2.95,2.75,2.61,2.88,2.68,2.62,2.92,2.72,2.65,2.83,2.63,2.67,2.98,2.78,2.62,2.91,2.71,2.59,2.94,2.74,2.00,1.80,1.98,1.83,2.02,1.77,2.00,1.81,2.01,1.79,0.0,1.90,1.90,1.88,1.92,1.92,1.88,1.90,1.91,1.89,1.91
IT1,03/11/2024,16:00,Empoli,Como,0,1,A,0,0,D,8,12,2,5,14,11,3,6,3,2,0,0,2.90,3.00,2.40,2.93,2.95,2.35,2.88,3.05,2.45,2.91,2.98,2.38,2.92,3.02,2.42,2.95,2.93,2.33,2.97,3.08,2.48,2.92,3.01,2.41,2.89,3.04,2.44,2.10,1.70,2.08,1.73,2.12,1.67,2.10,1.71,2.11,1.69,0.5,1.95,1.85,1.93,1.87,1.97,1.83,1.95,1.86,1.94,1.86
IT1,10/11/2024,20:00,Como,Lecce,2,0,H,1,0,H,12,9,5,3,10,13,5,4,2,2,0,0,2.40,3.10,2.90,2.43,3.05,2.85,2.38,3.15,2.95,2.41,3.08,2.88,2.42,3.12,2.92,2.45,3.03,2.83,2.47,3.18,2.98,2.42,3.11,2.91,2.39,3.14,2.94,1.95,1.85,1.93,1.88,1.97,1.82,1.95,1.86,1.96,1.84,0.0,1.90,1.90,1.88,1.92,1.92,1.88,1.90,1.91,1.89,1.91
I1,20/11/2022,15:00,Torino,Parma,2,0,H,1,0,H,11,15,4,5,15,5,5,6,0,1,0,0,3.63,4.00,1.87,3.63,3.97,1.90,3.62,3.98,1.86,3.66,4.02,1.88,3.60,4.04,1.86,3.60,4.05,1.89,3.66,3.97,1.84,3.61,3.97,1.87,1.82,2.15,1.61,2.37,2.01,2.41,1.68,2.28,1.64,2.38,-1.4,1.83,1.93,1.91,2.02,1.90,2.17,1.92,1.98,1.90,2.07
I1,21/01/2023,15:30,Fiorentina,Parma,2,3,A,2,1,H,11,9,3,5,15,7,5,3,2,2,0,0,3.27,3.36,3.84,3.32,3.37,3.89,3.25,3.38,3.88,3.27,3.39,3.86,3.27,3.39,3.82,3.25,3.34,3.86,3.26,3.39,3.79,3.29,3.38,3.86,1.55,2.17,1.69,2.10,1.79,2.17,1.52,2.49,1.85,2.36,-0.6,1.92,1.96,1.93,2.04,1.98,2.12,1.84,1.99,1.94,2.09
I1,27/11/2022,20:45,Parma,Sassuolo,3,1,H,1,1,D,5,14,3,6,12,16,5,8,0,1,0,0,2.93,3.61,3.41,2.94,3.56,3.43,2.93,3.58,3.42,2.91,3.58,3.36,2.92,3.57,3.37,2.93,3.57,3.40,2.94,3.66,3.37,2.92,3.65,3.37,1.71,2.30,1.92,2.49,1.89,2.14,1.82,2.31,1.75,2.19,-0.1,1.94,2.03,1.79,2.15,2.03,2.09,1.96,2.10,2.00,2.17
I1,24/03/2023,20:45,Parma,Salernitana,0,0,D,0,0,D,11,10,2,1,5,5,5,3,2,3,0,1,4.43,3.68,3.31,4.42,3.72,3.31,4.40,3.70,3.30,4.47,3.71,3.29,4.46,3.67,3.33,4.48,3.69,3.33,4.44,3.72,3.35,4.45,3.65,3.33,1.75,2.20,1.96,2.13,1.71,2.20,1.70,2.12,1.88,2.02,-1.9,1.93,2.16,1.90,2.10,1.85,1.95,2.03,1.96,1.86,1.90
I1,15/10/2022,15:45,Parma,Cremonese,3,0,H,3,0,H,8,11,1,4,8,16,9,7,0,3,0,0,4.32,3.04,5.26,4.30,3.06,5.28,4.32,3.06,5.22,4.32,3.03,5.25,4.34,3.02,5.30,4.31,3.07,5.23,4.33,3.08,5.24,4.36,3.02,5.26,1.73,2.37,1.90,2.45,1.83,2.15,1.99,2.44,1.62,2.48,1.2,1.92,1.97,2.04,2.05,2.01,1.94,1.97,2.06,1.96,2.09
I1,29/01/2023,18:00,Parma,Verona,2,0,H,2,0,H,16,11,1,6,11,15,11,10,0,2,0,0,3.97,3.92,2.70,4.00,3.92,2.72,3.95,3.95,2.69,3.96,3.88,2.68,3.98,3.88,2.66,4.01,3.96,2.68,3.98,3.87,2.66,3.99,3.95,2.75,1.55,2.43,1.78,2.32,1.96,2.14,1.94,2.49,1.66,2.17,0.1,1.84,2.12,1.80,1.95,1.96,2.07,1.87,2.06,1.82,2.10
I1,25/03/2023,15:30,Roma,Parma,0,0,D,0,0,D,15,13,1,4,9,13,5,5,1,3,0,0,1.92,3.34,1.89,1.95,3.31,1.91,1.88,3.34,1.87,1.93,3.34,1.86,1.95,3.33,1.92,1.89,3.39,1.93,1.92,3.29,1.93,1.96,3.36,1.93,1.60,2.04,1.53,2.04,1.83,2.29,1.83,2.15,1.65,2.27,-1.3,1.91,1.94,1.87,2.20,1.84,2.10,1.85,2.06,1.87,2.06
I1,22/10/2022,18:45,Lecce,Parma,1,1,D,0,0,D,18,15,7,1,5,11,3,8,3,1,0,0,2.88,4.64,4.15,2.92,4.65,4.14,2.84,4.60,4.17,2.89,4.68,4.16,2.85,4.61,4.14,2.85,4.67,4.15,2.91,4.62,4.15,2.90,4.61,4.13,1.85,2.13,1.94,2.22,1.84,2.16,1.73,2.36,1.60,2.05,1.6,1.89,2.06,2.04,1.96,1.92,1.98,1.89,2.02,1.93,2.03
I1,07/05/2023,18:00,Parma,Sassuolo,3,0,H,1,0,H,12,11,2,2,6,13,7,11,0,2,0,0,3.42,3.53,3.69,3.47,3.55,3.69,3.40,3.54,3.66,3.42,3.53,3.68,3.39,3.58,3.66,3.38,3.51,3.72,3.46,3.49,3.65,3.42,3.56,3.65,1.88,2.09,1.86,2.27,1.54,2.35,1.67,2.22,1.87,2.06,0.8,1.84,2.03,1.98,1.98,1.93,1.99,1.97,1.97,1.83,2.15
I1,09/02/2023,15:45,Parma,Bologna,2,2,D,1,1,D,19,12,1,6,11,17,6,10,1,0,0,0,1.74,3.37,1.89,1.76,3.38,1.94,1.73,3.42,1.94,1.75,3.34,1.86,1.73,3.34,1.91,1.73,3.32,1.91,1.73,3.41,1.88,1.71,3.42,1.89,1.62,2.29,1.81,2.18,1.79,2.01,1.87,2.27,1.67,2.36,1.8,2.04,2.10,2.08,2.12,2.10,1.90,2.04,1.98,1.91,2.02
I1,03/12/2022,20:30,Parma,Torino,1,2,A,0,1,A,13,8,4,3,8,12,4,6,3,2,0,0,2.45,3.25,2.85,2.48,3.28,2.87,2.43,3.29,2.83,2.46,3.26,2.84,2.44,3.30,2.86,2.41,3.31,2.88,2.47,3.24,2.81,2.49,3.27,2.89,1.99,2.01,1.83,2.53,1.75,2.44,1.76,2.19,1.70,2.21,0.4,1.82,2.13,1.78,1.97,1.95,2.16,1.89,2.18,1.99,2.09
I1,18/12/2022,18:15,Parma,Empoli,0,1,A,0,1,A,7,6,2,2,7,10,2,4,1,2,0,0,2.18,3.20,3.20,2.21,3.23,3.23,2.16,3.24,3.18,2.19,3.21,3.19,2.17,3.25,3.21,2.14,3.26,3.24,2.22,3.19,3.16,2.20,3.22,3.22,1.81,2.47,1.70,2.53,1.53,2.15,1.86,2.03,1.73,2.33,0.6,1.92,1.91,1.81,2.18,1.93,2.17,1.84,2.12,1.90,2.14
I1,05/09/2022,20:00,Parma,Napoli,1,2,A,0,1,A,10,17,3,8,13,7,4,9,1,1,0,0,6.89,4.33,1.45,6.92,4.35,1.47,6.86,4.37,1.43,6.88,4.34,1.46,6.90,4.38,1.44,6.83,4.39,1.48,6.91,4.32,1.42,6.87,4.36,1.49,1.64,2.15,1.59,2.04,1.95,2.17,1.52,2.36,1.92,2.21,2.0,1.87,2.10,1.88,2.12,1.91,2.18,1.86,2.19,1.92,2.16
I1,11/03/2023,18:30,Parma,Monza,3,1,H,2,0,H,14,9,6,4,10,11,8,5,2,1,0,0,2.75,3.35,2.55,2.78,3.38,2.57,2.73,3.39,2.53,2.76,3.36,2.54,2.74,3.40,2.56,2.71,3.41,2.58,2.79,3.34,2.51,2.77,3.37,2.59,1.57,2.34,1.84,2.50,1.87,2.36,1.55,2.45,1.74,2.06,0.2,1.80,2.02,1.87,2.21,1.85,2.04,1.88,2.12,1.93,2.17
I1,16/04/2023,15:00,Parma,Udinese,1,0,H,0,0,D,6,12,1,4,14,8,2,5,3,1,0,0,2.20,3.15,3.25,2.23,3.18,3.28,2.18,3.19,3.23,2.21,3.16,3.24,2.19,3.20,3.26,2.16,3.21,3.29,2.24,3.14,3.21,2.22,3.17,3.27,1.92,2.16,1.53,2.30,1.98,2.20,1.66,2.16,1.96,2.44,0.3,1.93,2.20,1.93,2.18,1.94,2.02,1.88,2.15,1.94,2.12
I1,28/08/2022,20:45,Parma,Atalanta,0,3,A,0,2,A,5,18,1,9,17,6,2,10,2,0,0,0,5.50,4.00,1.60,5.53,4.03,1.62,5.48,4.04,1.58,5.51,4.01,1.61,5.49,4.05,1.59,5.46,4.06,1.63,5.54,3.99,1.57,5.52,4.02,1.64,1.75,2.42,1.68,2.37,1.88,2.20,1.52,2.22,1.62,2.40,1.5,1.90,2.19,1.92,2.12,1.85,2.05,1.94,2.18,1.87,2.13
I1,12/11/2022,18:00,Parma,Lazio,2,1,H,1,1,D,12,14,5,7,9,12,6,8,1,2,0,0,3.80,3.60,1.95,3.83,3.63,1.97,3.78,3.64,1.93,3.81,3.61,1.96,3.79,3.65,1.94,3.76,3.66,1.98,3.84,3.59,1.92,3.82,3.62,1.99,1.93,2.47,1.58,2.06,1.62,2.36,1.82,2.37,1.62,2.49,1.0,1.93,2.00,1.86,2.21,1.99,2.17,1.89,2.08,1.84,2.14
I1,25/12/2022,15:30,Parma,Juventus,0,2,A,0,1,A,8,16,2,8,15,9,3,9,2,1,0,0,8.50,5.25,1.33,8.53,5.28,1.35,8.48,5.29,1.31,8.51,5.26,1.34,8.49,5.30,1.32,8.46,5.31,1.36,8.54,5.24,1.30,8.52,5.27,1.37,1.58,2.24,1.82,2.44,1.68,2.11,1.84,2.49,1.65,2.33,2.5,1.81,2.16,1.89,2.22,1.93,2.09,1.94,2.17,1.84,2.11
I1,30/04/2023,20:30,Parma,Inter,1,3,A,0,2,A,7,19,2,10,16,8,3,11,3,0,0,0,7.25,4.75,1.40,7.28,4.78,1.42,7.23,4.79,1.38,7.26,4.76,1.41,7.24,4.80,1.39,7.21,4.81,1.43,7.29,4.74,1.37,7.27,4.77,1.44,1.77,2.21,1.69,2.45,1.51,2.38,1.62,2.02,1.75,2.26,2.0,1.85,2.04,1.93,2.21,1.98,2.12,1.87,2.16,1.81,2.08
I1,17/09/2022,15:45,Parma,Milan,2,4,A,1,2,A,9,20,4,11,12,6,4,12,1,0,0,0,6.75,4.50,1.45,6.78,4.53,1.47,6.73,4.54,1.43,6.76,4.51,1.46,6.74,4.55,1.44,6.71,4.56,1.48,6.79,4.49,1.42,6.77,4.52,1.49,1.63,2.45,1.99,2.12,1.53,2.40,1.74,2.05,1.51,2.26,1.5,1.82,2.19,1.98,2.10,1.95,2.06,1.90,2.15,1.88,2.13
I1,14/01/2023,20:00,Parma,Spezia,1,0,H,1,0,H,13,8,4,2,6,11,7,4,0,3,0,0,2.05,3.25,3.50,2.08,3.28,3.53,2.03,3.29,3.48,2.06,3.26,3.49,2.04,3.30,3.51,2.01,3.31,3.54,2.09,3.24,3.46,2.07,3.27,3.52,1.84,2.45,1.72,2.50,1.77,2.42,1.67,2.33,1.89,2.30,0.5,1.84,2.20,1.90,2.11,1.88,2.16,1.86,2.17,1.93,2.14
I1,08/10/2022,18:30,Parma,Sampdoria,2,0,H,1,0,H,15,7,6,1,7,14,8,3,1,3,0,0,2.85,3.20,2.45,2.88,3.23,2.47,2.83,3.24,2.43,2.86,3.21,2.44,2.84,3.25,2.46,2.81,3.26,2.48,2.89,3.19,2.41,2.87,3.22,2.49,1.75,2.25,1.73,2.28,1.77,2.22,1.75,2.26,1.76,2.24,0.5,1.88,1.92,1.86,1.94,1.90,1.90,1.88,1.93,1.89,1.91
I1,19/02/2023,15:00,Juventus,Parma,1,1,D,0,0,D,14,10,7,3,8,11,9,5,2,2,0,0,1.25,5.50,9.00,1.28,5.45,8.95,1.23,5.55,9.05,1.26,5.48,8.98,1.27,5.52,9.02,1.30,5.43,8.93,1.32,5.58,9.08,1.27,5.51,9.01,1.65,2.25,1.63,2.28,1.67,2.22,1.65,2.26,1.66,2.24,-2.0,1.85,1.95,1.83,1.97,1.87,1.93,1.85,1.96,1.86,1.94
I1,02/04/2023,20:45,Atalanta,Parma,3,1,H,2,0,H,16,8,8,2,9,13,8,3,1,2,0,0,1.50,4.00,6.00,1.53,3.95,5.95,1.48,4.05,6.05,1.51,3.98,5.98,1.52,4.02,6.02,1.55,3.93,5.93,1.57,4.08,6.08,1.52,4.01,6.01,1.70,2.20,1.68,2.23,1.72,2.17,1.70,2.21,1.71,2.19,-1.0,1.90,1.90,1.88,1.92,1.92,1.88,1.90,1.91,1.89,1.91
I1,15/05/2023,18:00,Parma,Fiorentina,0,2,A,0,1,A,9,15,2,7,12,8,4,7,2,1,0,0,3.60,3.40,2.05,3.63,3.43,2.07,3.58,3.44,2.03,3.61,3.41,2.04,3.59,3.45,2.06,3.56,3.46,2.08,3.64,3.39,2.01,3.62,3.42,2.09,1.80,2.00,1.78,2.03,1.82,1.97,1.80,2.01,1.81,1.99,0.5,1.95,1.85,1.93,1.87,1.97,1.83,1.95,1.86,1.94,1.86
I1,26/09/2022,20:30,Verona,Parma,2,1,H,1,1,D,11,12,4,5,10,9,5,6,2,1,0,0,2.30,3.10,3.00,2.33,3.05,2.95,2.28,3.15,3.05,2.31,3.08,2.98,2.32,3.12,3.02,2.35,3.03,2.93,2.37,3.18,3.08,2.32,3.11,3.01,1.95,1.85,1.93,1.88,1.97,1.82,1.95,1.86,1.96,1.84,0.0,1.90,1.90,1.88,1.92,1.92,1.88,1.90,1.91,1.89,1.91
I1,13/08/2023,18:30,Parma,Inter,1,3,A,0,2,A,8,17,2,9,14,7,3,10,3,0,0,0,6.20,4.20,1.50,6.23,4.23,1.52,6.18,4.24,1.48,6.21,4.21,1.51,6.19,4.25,1.49,6.16,4.26,1.53,6.24,4.19,1.47,6.22,4.22,1.54,1.55,2.45,1.53,2.48,1.57,2.42,1.55,2.46,1.56,2.44,2.0,1.80,2.00,1.78,2.03,1.82,1.97,1.80,2.01,1.81,1.99
I1,27/08/2023,20:45,Milan,Parma,2,0,H,1,0,H,14,9,6,3,10,12,6,4,2,2,0,0,1.60,3.80,5.20,1.63,3.75,5.15,1.58,3.85,5.25,1.61,3.78,5.18,1.62,3.82,5.22,1.65,3.73,5.13,1.67,3.88,5.28,1.62,3.81,5.21,1.70,2.20,1.68,2.23,1.72,2.17,1.70,2.21,1.71,2.19,-0.5,1.88,1.92,1.86,1.94,1.90,1.90,1.88,1.93,1.89,1.91
I1,10/09/2023,15:00,Parma,Napoli,1,2,A,0,1,A,10,16,3,8,13,8,4,9,2,1,0,0,5.80,4.10,1.55,5.83,4.13,1.57,5.78,4.14,1.53,5.81,4.11,1.56,5.79,4.15,1.54,5.76,4.16,1.58,5.84,4.09,1.52,5.82,4.12,1.59,1.60,2.40,1.58,2.43,1.62,2.37,1.60,2.41,1.61,2.39,-1.5,1.85,1.95,1.83,1.97,1.87,1.93,1.85,1.96,1.86,1.94
I1,24/09/2023,18:00,Parma,Roma,2,1,H,1,0,H,13,11,6,4,9,10,7,5,1,2,0,0,2.80,3.30,2.60,2.83,3.33,2.62,2.78,3.34,2.58,2.81,3.31,2.59,2.79,3.35,2.61,2.76,3.36,2.63,2.84,3.29,2.57,2.82,3.32,2.64,1.85,1.95,1.83,1.98,1.87,1.92,1.85,1.96,1.86,1.94,0.0,1.90,1.90,1.88,1.92,1.92,1.88,1.90,1.91,1.89,1.91
I1,08/10/2023,20:45,Lazio,Parma,3,0,H,1,0,H,15,7,8,2,8,14,8,3,1,3,0,0,1.40,4.30,7.00,1.43,4.25,6.95,1.38,4.35,7.05,1.41,4.28,6.98,1.42,4.32,7.02,1.45,4.23,6.93,1.47,4.38,7.08,1.42,4.31,7.01,1.60,2.40,1.58,2.43,1.62,2.37,1.60,2.41,1.61,2.39,-1.0,1.85,1.95,1.83,1.97,1.87,1.93,1.85,1.96,1.86,1.94
I1,22/10/2023,15:00,Parma,Juventus,0,1,A,0,0,D,9,13,3,6,11,8,4,7,2,1,0,0,7.50,4.50,1.40,7.53,4.53,1.42,7.48,4.54,1.38,7.51,4.51,1.41,7.49,4.55,1.39,7.46,4.56,1.43,7.54,4.49,1.37,7.52,4.52,1.44,1.70,2.20,1.68,2.23,1.72,2.17,1.70,2.21,1.71,2.19,2.0,1.85,1.95,1.83,1.97,1.87,1.93,1.85,1.96,1.86,1.94
I1,05/11/2023,18:30,Torino,Parma,1,1,D,0,1,A,12,10,5,4,9,11,6,5,2,2,0,0,2.10,3.20,3.40,2.13,3.15,3.35,2.08,3.25,3.45,2.11,3.18,3.38,2.12,3.22,3.42,2.15,3.13,3.33,2.17,3.28,3.48,2.12,3.21,3.41,1.85,1.95,1.83,1.98,1.87,1.92,1.85,1.96,1.86,1.94,0.0,1.90,1.90,1.88,1.92,1.92,1.88,1.90,1.91,1.89,1.91
I1,19/11/2023,20:45,Parma,Atalanta,1,2,A,1,1,D,8,14,3,7,12,9,3,8,2,1,0,0,4.80,3.70,1.65,4.83,3.73,1.67,4.78,3.74,1.63,4.81,3.71,1.66,4.79,3.75,1.64,4.76,3.76,1.68,4.84,3.69,1.62,4.82,3.72,1.69,1.65,2.25,1.63,2.28,1.67,2.22,1.65,2.26,1.66,2.24,1.5,1.85,1.95,1.83,1.97,1.87,1.93,1.85,1.96,1.86,1.94
I1,03/12/2023,15:00,Fiorentina,Parma,2,0,H,1,0,H,13,8,7,2,8,13,7,4,1,3,0,0,1.90,3.30,4.00,1.93,3.25,3.95,1.88,3.35,4.05,1.91,3.28,3.98,1.92,3.32,4.02,1.95,3.23,3.93,1.97,3.38,4.08,1.92,3.31,4.01,1.85,1.95,1.83,1.98,1.87,1.92,1.85,1.96,1.86,1.94,0.0,1.90,1.90,1.88,1.92,1.92,1.88,1.90,1.91,1.89,1.91
I1,17/12/2023,18:00,Parma,Bologna,1,3,A,0,2,A,7,15,2,8,14,8,3,8,3,0,0,0,3.20,3.40,2.20,3.23,3.43,2.22,3.18,3.44,2.18,3.21,3.41,2.19,3.19,3.45,2.21,3.16,3.46,2.23,3.24,3.39,2.17,3.22,3.42,2.24,1.75,2.15,1.73,2.18,1.77,2.12,1.75,2.16,1.76,2.14,0.5,1.95,1.85,1.93,1.87,1.97,1.83,1.95,1.86,1.94,1.86
I1,07/01/2024,20:45,Parma,Udinese,2,0,H,1,0,H,11,8,5,2,10,12,6,4,1,2,0,0,2.40,3.10,2.90,2.43,3.13,2.92,2.38,3.14,2.88,2.41,3.11,2.89,2.39,3.15,2.91,2.36,3.16,2.93,2.44,3.09,2.87,2.42,3.12,2.94,1.90,1.90,1.88,1.93,1.92,1.87,1.90,1.91,1.91,1.89,0.0,1.90,1.90,1.88,1.92,1.92,1.88,1.90,1.91,1.89,1.91
I1,21/01/2024,15:30,Verona,Parma,0,2,A,0,1,A,9,12,3,6,11,9,4,6,2,1,0,0,2.60,3.00,2.70,2.63,2.95,2.65,2.58,3.05,2.75,2.61,2.98,2.68,2.62,3.02,2.72,2.65,2.93,2.63,2.67,3.08,2.78,2.62,3.01,2.71,1.90,1.90,1.88,1.93,1.92,1.87,1.90,1.91,1.91,1.89,0.0,1.90,1.90,1.88,1.92,1.92,1.88,1.90,1.91,1.89,1.91
I1,04/02/2024,18:00,Parma,Empoli,3,1,H,2,0,H,14,9,7,3,8,11,8,5,1,2,0,0,2.00,3.30,3.60,2.03,3.25,3.55,1.98,3.35,3.65,2.01,3.28,3.58,2.02,3.32,3.62,2.05,3.23,3.53,2.07,3.38,3.68,2.02,3.31,3.61,1.90,1.90,1.88,1.93,1.92,1.87,1.90,1.91,1.91,1.89,0.0,1.90,1.90,1.88,1.92,1.92,1.88,1.90,1.91,1.89,1.91
I1,18/02/2024,20:45,Lecce,Parma,1,2,A,0,1,A,10,13,4,6,12,8,5,7,2,1,0,0,2.80,3.30,2.60,2.83,3.33,2.62,2.78,3.34,2.58,2.81,3.31,2.59,2.79,3.35,2.61,2.76,3.36,2.63,2.84,3.29,2.57,2.82,3.32,2.64,1.85,1.95,1.83,1.98,1.87,1.92,1.85,1.96,1.86,1.94,0.0,1.90,1.90,1.88,1.92,1.92,1.88,1.90,1.91,1.89,1.91
I1,03/03/2024,15:00,Parma,Monza,0,1,A,0,0,D,8,11,2,5,13,10,3,6,3,2,0,0,2.20,3.15,3.25,2.23,3.18,3.28,2.18,3.19,3.23,2.21,3.16,3.24,2.19,3.20,3.26,2.16,3.21,3.29,2.24,3.14,3.21,2.22,3.17,3.27,1.92,2.16,1.53,2.30,1.98,2.20,1.66,2.16,1.96,2.44,0.0,1.90,1.90,1.88,1.92,1.92,1.88,1.90,1.91,1.89,1.91
I1,17/03/2024,18:30,Parma,Cagliari,2,1,H,1,0,H,12,9,5,3,9,11,6,4,2,2,0,0,2.10,3.20,3.40,2.13,3.15,3.35,2.08,3.25,3.45,2.11,3.18,3.38,2.12,3.22,3.42,2.15,3.13,3.33,2.17,3.28,3.48,2.12,3.21,3.41,1.85,1.95,1.83,1.98,1.87,1.92,1.85,1.96,1.86,1.94,0.0,1.90,1.90,1.88,1.92,1.92,1.88,1.90,1.91,1.89,1.91
I1,31/03/2024,20:45,Sassuolo,Parma,1,2,A,1,1,D,13,10,6,4,8,10,7,5,1,2,0,0,2.50,3.20,2.80,2.53,3.23,2.82,2.48,3.24,2.78,2.51,3.21,2.79,2.49,3.25,2.81,2.46,3.26,2.83,2.54,3.19,2.77,2.52,3.22,2.84,1.80,2.00,1.78,2.03,1.82,1.97,1.80,2.01,1.81,1.99,0.0,1.90,1.90,1.88,1.92,1.92,1.88,1.90,1.91,1.89,1.91
I1,14/04/2024,15:00,Parma,Salernitana,3,0,H,2,0,H,15,6,8,1,7,15,9,2,0,4,0,0,1.75,3.50,4.50,1.78,3.45,4.45,1.73,3.55,4.55,1.76,3.48,4.48,1.77,3.52,4.52,1.80,3.43,4.43,1.82,3.58,4.58,1.77,3.51,4.51,1.80,2.00,1.78,2.03,1.82,1.97,1.80,2.01,1.81,1.99,-0.5,1.90,1.90,1.88,1.92,1.92,1.88,1.90,1.91,1.89,1.91
I1,28/04/2024,18:00,Parma,Spezia,2,1,H,1,1,D,11,9,4,3,8,12,5,4,2,1,0,0,2.30,3.10,3.00,2.33,3.05,2.95,2.28,3.15,3.05,2.31,3.08,2.98,2.32,3.12,3.02,2.35,3.03,2.93,2.37,3.18,3.08,2.32,3.11,3.01,1.95,1.85,1.93,1.88,1.97,1.82,1.95,1.86,1.96,1.84,0.0,1.90,1.90,1.88,1.92,1.92,1.88,1.90,1.91,1.89,1.91
I1,12/05/2024,20:45,Sampdoria,Parma,0,3,A,0,2,A,6,16,1,9,14,7,2,10,3,0,0,0,4.20,3.50,1.75,4.15,3.45,1.77,4.25,3.55,1.73,4.18,3.48,1.76,4.22,3.52,1.74,4.13,3.43,1.78,4.28,3.58,1.80,4.21,3.51,1.76,1.60,2.40,1.58,2.43,1.62,2.37,1.60,2.41,1.61,2.39,1.0,1.85,1.95,1.83,1.97,1.87,1.93,1.85,1.96,1.86,1.94
I1,26/05/2024,15:30,Parma,Cremonese,1,0,H,0,0,D,10,7,3,2,9,13,5,3,1,3,0,0,1.80,3.40,4.20,1.83,3.35,4.15,1.78,3.45,4.25,1.81,3.38,4.18,1.82,3.42,4.22,1.85,3.33,4.13,1.87,3.48,4.28,1.82,3.41,4.21,1.85,1.95,1.83,1.98,1.87,1.92,1.85,1.96,1.86,1.94,0.0,1.90,1.90,1.88,1.92,1.92,1.88,1.90,1.91,1.89,1.91